4294967279,307
4294967278,132
4294967278,131
4294967278,130
4294967278,129
4294967278,416
4294967278,128
4294967278,127
4294967278,126
4294967278,125
4294967278,124
4294967278,123
4294967278,122
4294967278,121
4294967278,249
4294967278,120
4294967278,119
4294967278,118
4294967278,117
4294967278,116
4294967278,115
4294967278,114
4294967278,113
4294967278,112
4294967278,111
4294967278,231
4294967278,110
4294967278,229
4294967278,109
4294967278,108
4294967278,225
4294967278,107
4294967278,106
4294967278,105
4294967278,104
4294967278,103
4294967278,102
4294967278,101
4294967278,100
4294967278,99
4294967278,98
4294967278,97
4294967278,96
4294967278,95
4294967278,94
4294967278,93
4294967278,92
4294967278,91
4294967278,90
4294967278,89
4294967278,87
4294967278,86
4294967278,85
4294967278,84
4294967278,83
4294967278,82
4294967278,81
4294967278,80
4294967278,79
4294967278,78
4294967278,77
4294967278,76
4294967278,75
4294967278,73
4294967278,72
4294967278,70
4294967278,69
4294967278,68
4294967278,67
4294967278,66
4294967278,65
4294967278,64
4294967278,63
4294967278,62
4294967278,0
4294967278,349
4294967279,85
4294967279,84
4294967279,83
4294967279,82
4294967279,81
4294967279,80
4294967279,79
4294967279,78
4294967279,77
4294967279,76
4294967279,75
4294967279,74
4294967279,73
4294967279,72
4294967279,71
4294967279,70
4294967279,69
4294967279,68
4294967279,67
4294967279,66
4294967279,65
4294967279,64
4294967279,63
4294967279,62
4294967279,61
4294967279,59
4294967279,58
4294967279,57
4294967279,56
4294967279,543
4294967279,55
4294967279,54
4294967279,260
4294967279,295
4294967279,53
4294967279,294
4294967279,52
4294967279,51
4294967279,542
4294967279,50
4294967279,49
4294967279,48
4294967279,47
4294967279,46
4294967279,45
4294967279,44
4294967279,43
4294967279,538
4294967279,41
4294967279,40
4294967279,39
4294967279,38
4294967279,37
4294967279,36
4294967279,35
4294967279,34
4294967279,33
4294967279,32
4294967279,31
4294967279,30
4294967279,29
4294967279,536
4294967279,28
4294967279,26
4294967279,286
4294967279,25
4294967279,24
4294967279,23
4294967279,22
4294967279,21
4294967279,20
4294967279,19
4294967279,18
4294967279,17
4294967279,15
4294967279,328
4294967279,14
4294967279,13
4294967279,12
4294967279,11
4294967279,10
4294967279,9
4294967279,8
4294967279,7
4294967279,6
4294967279,5
4294967279,4
4294967278,308
4294967279,303
4294967278,306
4294967279,302
4294967278,74
4294967278,345
4294967294,30
4294967278,184
4294967278,183
4294967278,182
4294967279,182
4294967279,177
4294967279,176
4294967279,173
4294967279,144
4294967279,279
4294967279,282
4294967279,277
4294967279,264
4294967279,257
4294967279,256
4294967279,255
4294967279,254
4294967279,253
4294967278,326
4294967278,325
4294967278,324
4294967278,254
4294967278,323
4294967278,246
4294967278,244
4294967278,242
4294967278,238
4294967279,237
4294967278,237
4294967278,236
4294967278,234
4294967278,228
4294967278,226
4294967278,224
4294967278,222
4294967278,218
4294967279,360
4294967279,540
4294967278,214
4294967279,213
4294967278,212
4294967278,211
4294967278,210
4294967278,207
4294967278,206
4294967278,205
4294967278,204
4294967278,202
4294967278,201
4294967279,201
4294967278,200
4294967278,198
4294967279,198
4294967278,197
4294967278,196
4294967279,195
4294967278,193
4294967278,192
4294967278,191
4294967278,189
4294967279,189
4294967278,188
4294967278,187
4294967279,187
4294967294,437
4294967294,904
4294967294,186
4294967279,186
4294967279,337
4294967278,71
4294967278,360
4294967278,419
4294967279,301
4294967278,181
4294967278,180
4294967278,179
236,5
236,4
4294967278,178
236,3
236,2
236,1
4294967278,391
4294967294,390
4294967294,114
4294967279,533
4294967278,61
4294967278,343
4294967279,60
4294967279,531
4294967278,372
4294967279,167
235,5
235,4
235,3
235,2
235,1
4294967278,418
4294967294,393
4294967279,162
4294967278,379
4294967279,157
4294967294,127
4294967294,19
4294967278,351
4294967279,42
4294967279,571
4294967278,314
4294967278,408
4294967279,151
4294967279,359
4294967278,296
233,5
4294967279,146
233,4
233,3
233,2
233,1
4294967278,385
4294967279,145
4294967279,287
4294967278,417
4294967294,5
4294967294,9
4294967278,366
4294967279,27
4294967279,522
4294967278,393
4294967294,38
4294967294,36
4294967294,415
4294967294,183
4294967294,384
4294967294,464
4294967294,386
4294967294,405
4294967294,29
4294967294,921
4294967278,397
4294967279,133
4294967294,40
4294967279,16
4294967279,320
4294967294,1419
4294967294,1418
4294967294,1417
4294967279,322
229,6
4294967294,41
4294967294,388
4294967294,387
4294967294,53
4294967294,1416
4294967294,44
4294967294,43
4294967279,262
4294967279,342
4294967278,410
4294967278,412
229,5
4294967279,258
4294967278,264
229,4
229,3
229,2
229,1
4294967278,285
4294967294,120
4294967278,262
4294967278,261
4294967279,350
228,5
4294967294,76
4294967294,51
4294967294,107
4294967294,417
228,4
228,3
228,2
228,1
4294967279,515
4294967294,903
4294967294,82
4294967279,575
4294967294,86
